OrgId,X-Coord,Y-Coord,Angle,Curvature,PLC-Bits,PLC-Word,PLC-Word2,ChangeTime,Remark
3,18424,13892,9000,0,0,0,0,1555360995, 
4,18424,14155,27000,0,0,0,0,1555360995, 
6,18424,8162,9000,0,2,0,0,1555360995, 
7,18424,19906,27000,0,2,0,0,1555360995, 
12,20744,8167,9000,0,2,0,0,1555360995, 
13,20744,19912,27000,0,2,0,0,1555360995, 
14,22918,14035,0,0,0,0,0,1555360995, 
15,23199,14035,0,0,0,0,0,1555360995, 
16,23058,13885,9000,0,0,0,0,1555360995, 
17,23058,14204,27000,0,0,0,0,1555360995, 
18,23058,8169,9000,0,2,0,0,1555360995, 
19,23058,19907,27000,0,2,0,0,1555360995, 
20,25680,14035,0,0,0,0,0,1555360995, 
21,25961,14035,0,0,0,0,0,1555360995, 
22,25820,13885,9000,0,0,0,0,1555360995, 
23,25820,14204,27000,0,0,0,0,1555360995, 
24,25820,8165,9000,0,2,0,0,1555360995, 
25,25820,19901,27000,0,2,0,0,1555360995, 
26,27988,14035,0,0,0,0,0,1555360995, 
27,28269,14035,0,0,0,0,0,1555360995, 
28,28128,13885,9000,0,0,0,0,1555360995, 
29,28128,14204,27000,0,0,0,0,1555360995, 
30,28128,8171,9000,0,2,0,0,1555360995, 
31,28128,19901,27000,0,2,0,0,1555360995, 
32,30321,14035,0,0,0,0,0,1555360995, 
33,30602,14035,0,0,0,0,0,1555360995, 
34,30461,13885,9000,0,0,0,0,1555360995, 
35,30461,14204,27000,0,0,0,0,1555360995, 
36,30461,8165,9000,0,2,0,0,1555360995, 
37,30461,19901,27000,0,2,0,0,1555360995, 
38,33116,14035,0,0,0,0,0,1555360995, 
39,33397,14035,0,0,0,0,0,1555360995, 
40,33256,13885,9000,0,0,0,0,1555360995, 
41,33256,14204,27000,0,0,0,0,1555360995, 
42,33256,8169,9000,0,2,0,0,1555360995, 
43,33256,19899,27000,0,2,0,0,1555360995, 
44,35419,14035,0,0,0,0,0,1555360995, 
45,35700,14035,0,0,0,0,0,1555360995, 
46,35559,13885,9000,0,0,0,0,1555360995, 
47,35559,14204,27000,0,0,0,0,1555360995, 
48,35559,8169,9000,0,2,0,0,1555360995, 
49,35559,19901,27000,0,2,0,0,1555360995, 
50,38210,14035,0,0,0,0,0,1555360995, 
51,38491,14035,0,0,0,0,0,1555360995, 
52,38350,13885,9000,0,0,0,0,1555360995, 
53,38350,14204,27000,0,0,0,0,1555360995, 
54,38350,8169,9000,0,2,0,0,1555360995, 
55,38350,19905,27000,0,2,0,0,1555360995, 
56,40519,14035,0,0,0,0,0,1555360995, 
57,40800,14035,0,0,0,0,0,1555360995, 
58,40659,13885,9000,0,0,0,0,1555360995, 
59,40659,14204,27000,0,0,0,0,1555360995, 
60,40659,8169,9000,0,2,0,0,1555360995, 
61,40659,19901,27000,0,2,0,0,1555360995, 
62,43298,14035,0,0,0,0,0,1555360995, 
63,43579,14035,0,0,0,0,0,1555360995, 
64,43438,14204,27000,0,0,0,0,1555360995, 
65,43438,19901,27000,0,2,0,0,1555360995, 
66,45595,14035,0,0,0,0,0,1555360995, 
67,45876,14035,0,0,0,0,0,1555360995, 
68,45735,14204,27000,0,0,0,0,1555360995, 
69,45735,19901,27000,0,2,0,0,1555360995, 
70,47908,14035,0,0,0,0,0,1555360995, 
71,48189,14035,0,0,0,0,0,1555360995, 
72,48048,14204,27000,0,0,0,0,1555360995, 
73,48048,19901,27000,0,2,0,0,1555360995, 
74,50691,14035,0,0,0,0,0,1555360995, 
75,50972,14035,0,0,0,0,0,1555360995, 
76,50831,14204,27000,0,0,0,0,1555360995, 
77,50831,19896,27000,0,2,0,0,1555360995, 
78,52982,14035,0,0,0,0,0,1555360995, 
79,53263,14035,0,0,0,0,0,1555360995, 
80,53122,14204,27000,0,0,0,0,1555360995, 
81,53122,19901,27000,0,2,0,0,1555360995, 
82,55289,14035,0,0,0,0,0,1555360995, 
83,55570,14035,0,0,0,0,0,1555360995, 
84,55429,14204,27000,0,0,0,0,1555360995, 
85,55429,19907,27000,0,3,0,0,1555777530, 
86,58100,14035,0,0,0,0,0,1555360995, 
87,58381,14035,0,0,0,0,0,1555360995, 
88,58240,14204,27000,0,0,0,0,1555360995, 
89,58240,19901,27000,0,2,0,0,1555360995, 
90,60386,14035,0,0,0,0,0,1555360995, 
91,60667,14035,0,0,0,0,0,1555360995, 
92,60526,14204,27000,0,0,0,0,1555360995, 
93,60526,19901,27000,0,2,0,0,1555360995, 
94,62678,14035,0,0,0,0,0,1555360995, 
95,62959,14035,0,0,0,0,0,1555360995, 
96,62818,14204,27000,0,0,0,0,1555360995, 
97,62818,19901,27000,0,2,0,0,1555360995, 
98,65487,14035,0,0,0,0,0,1555360995, 
99,65768,14035,0,0,0,0,0,1555360995, 
100,65627,14204,27000,0,0,0,0,1555360995, 
101,65627,19903,27000,0,2,0,0,1555360995, 
102,67795,14035,0,0,0,0,0,1555360995, 
103,68066,14035,0,0,0,0,0,1555360995, 
104,67925,14204,27000,0,0,0,0,1555360995, 
105,67925,19901,27000,0,2,0,0,1555360995, 
106,70068,14035,0,0,0,0,0,1555360995, 
107,70349,14035,0,0,0,0,0,1555360995, 
108,70208,14204,27000,0,0,0,0,1555360995, 
109,70208,19901,27000,0,2,0,0,1555360995, 
111,72860,14035,0,0,0,0,0,1555360995, 
112,73141,14035,0,0,0,0,0,1555360995, 
113,73000,13885,9000,0,0,0,0,1555360995, 
114,73000,14204,27000,0,0,0,0,1555360995, 
115,73000,8160,9000,0,2,0,0,1555360995, 
116,73000,19900,27000,0,2,0,0,1555360995, 
117,75162,14035,0,0,0,0,0,1555360995, 
118,75443,14035,0,0,0,0,0,1555360995, 
119,75302,13885,9000,0,0,0,0,1555360995, 
120,75302,14204,27000,0,0,0,0,1555360995, 
121,75302,8163,9000,0,2,0,0,1555360995, 
122,75302,19908,27000,0,2,0,0,1555360995, 
123,77953,14035,0,0,0,0,0,1555360995, 
124,78234,14035,0,0,0,0,0,1555360995, 
125,78093,13885,9000,0,0,0,0,1555360995, 
126,78093,14204,27000,0,0,0,0,1555360995, 
127,78093,8155,9000,0,2,0,0,1555360995, 
128,78093,19901,27000,0,2,0,0,1555360995, 
129,80250,14035,0,0,0,0,0,1555472707, 
130,80531,14035,0,0,0,0,0,1555472709, 
131,80390,13885,9000,0,0,0,0,1555360995, 
132,80390,14204,27000,0,0,0,0,1555472711, 
133,80390,8156,9000,0,2,0,0,1555360995, 
134,80390,19901,27000,0,2,0,0,1555360995, 
135,82557,14035,0,0,0,0,0,1555472688, 
136,82838,14035,0,0,0,0,0,1555472690, 
137,82697,13885,9000,0,0,0,0,1555472694, 
138,82697,14204,27000,0,0,0,0,1555472692, 
139,82697,8165,9000,0,2,0,0,1555360995, 
140,82697,19901,27000,0,2,0,0,1555360995, 
141,85351,14035,0,0,0,0,0,1555472678, 
142,85632,14035,0,0,0,0,0,1555472680, 
143,85491,13885,9000,0,0,0,0,1555472682, 
144,85491,14204,27000,0,0,0,0,1555472684, 
145,85491,8169,9000,0,2,0,0,1555360995, 
146,85491,19904,27000,0,2,0,0,1555360995, 
147,87649,14035,0,0,0,0,0,1555472660, 
148,87930,14035,0,0,0,0,0,1555472658, 
149,87789,13885,9000,0,0,0,0,1555472664, 
150,87789,14204,27000,0,0,0,0,1555472662, 
151,87789,8169,9000,0,2,0,0,1555360995, 
152,87789,19901,27000,0,2,0,0,1555360995, 
153,89692,14035,18000,0,0,0,0,1555472628, 
155,90127,13885,9000,0,0,0,0,1555360995, 
156,90127,14222,27000,0,0,0,0,1555360995, 
157,90127,8173,9000,0,2,0,0,1555360995, 
158,90127,19901,27000,0,2,0,0,1555360995, 
182,20604,14035,0,0,0,0,0,1555360995, 
183,20885,14035,0,0,0,0,0,1555360995, 
184,20744,13885,9000,0,0,0,0,1555360995, 
185,20744,14204,27000,0,0,0,0,1555360995, 
186,18659,14035,0,0,0,0,0,1555360995, 
191,18912,14035,18000,0,0,0,0,1555360995, 
193,89776,14035,0,0,0,0,0,1555360995, 
194,10506,37063,9000,0,0,0,0,1555361059, 
196,10506,31344,9000,0,2,0,0,1555361059, 
198,12849,31338,9000,0,2,0,0,1555361059, 
199,12849,43053,27000,0,2,0,0,1555413215, 
200,15023,37206,0,0,0,0,0,1555361059, 
201,15304,37206,0,0,0,0,0,1555361059, 
202,15163,37056,9000,0,0,0,0,1555361059, 
203,15163,37345,27000,0,0,0,0,1555413215, 
204,15163,31340,9000,0,2,0,0,1555361059, 
205,15163,43048,27000,0,2,0,0,1555413215, 
206,17764,37206,0,0,0,0,0,1555361059, 
207,18045,37206,0,0,0,0,0,1555413215, 
208,17904,37056,9000,0,0,0,0,1555361059, 
209,17904,37345,27000,0,0,0,0,1555413215, 
210,17904,31336,9000,0,2,0,0,1555361059, 
211,17904,43080,27000,0,2,0,0,1555413215, 
212,20069,37206,0,0,0,0,0,1555361059, 
213,20350,37206,0,0,0,0,0,1555361059, 
214,20209,37056,9000,0,0,0,0,1555361059, 
215,20209,37345,27000,0,0,0,0,1555413215, 
216,20209,31342,9000,0,2,0,0,1555361059, 
217,20209,43077,27000,0,2,0,0,1555413215, 
218,22375,37206,0,0,0,0,0,1555361059, 
219,22656,37206,0,0,0,0,0,1555361059, 
220,22515,37056,9000,0,0,0,0,1555361059, 
221,22515,37345,27000,0,0,0,0,1555413215, 
222,22515,31336,9000,0,2,0,0,1555361059, 
223,22515,43077,27000,0,2,0,0,1555413215, 
224,25173,37206,0,0,0,0,0,1555361059, 
225,25454,37206,0,0,0,0,0,1555361059, 
226,25313,37056,9000,0,0,0,0,1555361059, 
227,25313,37345,27000,0,0,0,0,1555413215, 
228,25313,31341,9000,0,2,0,0,1555361059, 
229,25313,43085,27000,0,2,0,0,1555413215, 
230,34268,37206,0,0,0,0,0,1555413215, 
231,34549,37206,0,0,0,0,0,1555413215, 
232,34408,37056,9000,0,0,0,0,1555413215, 
233,34408,37345,27000,0,0,0,0,1555413215, 
234,34408,31340,9000,0,2,0,0,1555361059, 
235,34408,43077,27000,0,2,0,0,1555413215, 
236,36624,37206,0,0,0,0,0,1555413215, 
237,36905,37206,0,0,0,0,0,1555413215, 
238,36764,37056,9000,0,0,0,0,1555413215, 
239,36764,37345,27000,0,0,0,0,1555413215, 
240,36764,31340,9000,0,2,0,0,1555361059, 
241,36764,43081,27000,0,2,0,0,1555413215, 
242,39983,37206,0,0,0,0,0,1555361059, 
243,40264,37206,0,0,0,0,0,1555361059, 
244,40123,37056,9000,0,0,0,0,1555361059, 
245,40123,37345,27000,0,0,0,0,1555413215, 
246,40123,31340,9000,0,2,0,0,1555361059, 
247,40123,43077,27000,0,2,0,0,1555413215, 
248,42778,37206,0,0,0,0,0,1555361059, 
249,43059,37206,0,0,0,0,0,1555361059, 
250,42918,37375,27000,0,0,0,0,1555361059, 
251,42918,43056,27000,0,2,0,0,1555361059, 
252,45075,37206,0,0,0,0,0,1555587754, 
253,45356,37206,0,0,0,0,0,1555361059, 
254,45215,37375,27000,0,0,0,0,1555361059, 
255,45215,43072,27000,0,2,0,0,1555361059, 
256,47386,37206,0,0,0,0,0,1555361059, 
257,47667,37206,0,0,0,0,0,1555361059, 
258,47526,37375,27000,0,0,0,0,1555361059, 
259,47526,43073,27000,0,2,0,0,1555361059, 
260,50179,37206,0,0,0,0,0,1555361059, 
261,50460,37206,0,0,0,0,0,1555361059, 
262,50319,37375,27000,0,0,0,0,1555361059, 
263,50319,43080,27000,0,2,0,0,1555361059, 
264,52477,37206,0,0,0,0,0,1555587805, 
265,52758,37206,0,0,0,0,0,1555361059, 
266,52617,37375,27000,0,0,0,0,1555361059, 
267,52617,43082,27000,0,2,0,0,1555361059, 
268,54774,37206,0,0,0,0,0,1555361059, 
269,55055,37206,0,0,0,0,0,1555361059, 
270,54914,37375,27000,0,0,0,0,1555361059, 
271,54914,43054,27000,0,2,0,0,1555361059, 
272,57597,37206,0,0,0,0,0,1555361059, 
273,57878,37206,0,0,0,0,0,1555361059, 
274,57737,37375,27000,0,0,0,0,1555361059, 
275,57737,43076,27000,0,2,0,0,1555361059, 
276,59882,37206,0,0,0,0,0,1555587863, 
277,60163,37206,0,0,0,0,0,1555361059, 
278,60022,37375,27000,0,0,0,0,1555361059, 
279,60022,43075,27000,0,2,0,0,1555361059, 
280,62198,37206,0,0,0,0,0,1555361059, 
281,62479,37206,0,0,0,0,0,1555361059, 
282,62338,37375,27000,0,0,0,0,1555361059, 
283,62338,43077,27000,0,2,0,0,1555361059, 
284,64992,37206,0,0,0,0,0,1555361059, 
285,65273,37206,0,0,0,0,0,1555361059, 
286,65132,37375,27000,0,0,0,0,1555361059, 
287,65132,43079,27000,0,2,0,0,1555361059, 
288,67308,37206,0,0,0,0,0,1555587683, 
289,67589,37206,0,0,0,0,0,1555361059, 
290,67448,37375,27000,0,0,0,0,1555361059, 
291,67448,43075,27000,0,2,0,0,1555361059, 
292,69614,37206,0,0,0,0,0,1555361059, 
293,69895,37206,0,0,0,0,0,1555361059, 
294,69754,37375,27000,0,0,0,0,1555361059, 
295,69754,43077,27000,0,2,0,0,1555361059, 
296,72411,37206,0,0,0,0,0,1555361059, 
297,72692,37206,0,0,0,0,0,1555361059, 
298,72551,37056,9000,0,0,0,0,1555361059, 
299,72551,37345,27000,0,0,0,0,1555413240, 
300,72551,31333,9000,0,2,0,0,1555361059, 
301,72551,43078,27000,0,2,0,0,1555413240, 
302,74711,37206,0,0,0,0,0,1555361059, 
303,74992,37206,0,0,0,0,0,1555361059, 
304,74851,37056,9000,0,0,0,0,1555361059, 
305,74851,37345,27000,0,0,0,0,1555413240, 
306,74851,31333,9000,0,2,0,0,1555361059, 
307,74851,43079,27000,0,2,0,0,1555413240, 
308,77502,37206,0,0,0,0,0,1555361059, 
309,77783,37206,0,0,0,0,0,1555361059, 
310,77642,37056,9000,0,0,0,0,1555361059, 
311,77642,37345,27000,0,0,0,0,1555413240, 
312,77642,31327,9000,0,2,0,0,1555361059, 
313,77642,43077,27000,0,2,0,0,1555413240, 
314,79796,37206,0,0,0,0,0,1555361059, 
315,80077,37206,0,0,0,0,0,1555361059, 
316,79936,37056,9000,0,0,0,0,1555361059, 
317,79936,37345,27000,0,0,0,0,1555413240, 
318,79936,31334,9000,0,2,0,0,1555361059, 
319,79936,43080,27000,0,2,0,0,1555413240, 
320,82103,37206,0,0,0,0,0,1555361059, 
321,82384,37206,0,0,0,0,0,1555361059, 
322,82243,37056,9000,0,0,0,0,1555361059, 
323,82243,37345,27000,0,0,0,0,1555413240, 
324,82243,31334,9000,0,2,0,0,1555361059, 
325,82250,43084,27000,0,2,0,0,1555413240, 
326,84897,37206,0,0,0,0,0,1555361059, 
327,85178,37206,0,0,0,0,0,1555361059, 
328,85037,37056,9000,0,0,0,0,1555361059, 
329,85037,37345,27000,0,0,0,0,1555413240, 
330,85037,31335,9000,0,2,0,0,1555361059, 
331,85037,43080,27000,0,2,0,0,1555413240, 
332,87183,37206,0,0,0,0,0,1555361059, 
333,87464,37206,0,0,0,0,0,1555361059, 
334,87323,37056,9000,0,0,0,0,1555361059, 
335,87323,37345,27000,0,0,0,0,1555413240, 
336,87323,31337,9000,0,2,0,0,1555361059, 
337,87323,43081,27000,0,2,0,0,1555413240, 
338,104321,37206,18000,0,0,0,0,1555361059, 
339,104650,37056,9000,0,0,0,0,1555361059, 
341,104650,31344,9000,0,2,0,0,1555361059, 
343,12709,37206,0,0,0,0,0,1555413215, 
344,12990,37206,0,0,0,0,0,1555413215, 
345,12849,37056,9000,0,0,0,0,1555413215, 
346,12849,37345,27000,0,0,0,0,1555413215, 
348,11009,37206,18000,0,0,0,0,1555361059, 
350,67640,7577,9000,0,2,0,0,1555439394, 
352,67496,14035,0,0,0,0,0,1555509810, 
354,67640,13971,9000,0,0,0,0,1555580654, 
355,67640,13858,27000,0,0,0,0,1555580666, 
357,67640,7061,27000,0,2,0,0,1555440558, 
358,27483,37206,0,0,0,0,0,1555361059, 
359,27764,37206,0,0,0,0,0,1555361059, 
360,27623,37056,9000,0,0,0,0,1555361059, 
361,27623,37345,27000,0,0,0,0,1555413215, 
362,27623,31340,9000,0,2,0,0,1555361059, 
363,27623,43076,27000,0,2,0,0,1555413215, 
364,29783,37206,0,0,0,0,0,1555361059, 
365,30064,37206,0,0,0,0,0,1555361059, 
366,29923,37056,9000,0,0,0,0,1555361059, 
367,29923,37345,27000,0,0,0,0,1555413215, 
368,29923,31340,9000,0,2,0,0,1555361059, 
369,29923,43076,27000,0,2,0,0,1555413215, 
370,32003,37206,0,0,0,0,0,1555361059, 
371,32284,37206,0,0,0,0,0,1555361059, 
372,32143,37056,9000,0,0,0,0,1555361059, 
373,32143,37345,27000,0,0,0,0,1555413215, 
374,32143,31340,9000,0,2,0,0,1555361059, 
375,32143,43075,27000,0,2,0,0,1555413215, 
376,33827,37206,0,0,0,0,0,1555413215, 
377,89483,37206,0,0,0,0,0,1555361059, 
378,89764,37206,0,0,0,0,0,1555361059, 
379,89623,37056,9000,0,0,0,0,1555361059, 
380,89623,37345,27000,0,0,0,0,1555413240, 
381,89623,31327,9000,0,2,0,0,1555361059, 
382,89623,43077,27000,0,2,0,0,1555413240, 
383,92433,37206,0,0,0,0,0,1555361059, 
384,92714,37206,0,0,0,0,0,1555361059, 
385,92573,37056,9000,0,0,0,0,1555361059, 
386,92573,37345,27000,0,0,0,0,1555413240, 
387,92573,31336,9000,0,2,0,0,1555361059, 
388,92573,43077,27000,0,2,0,0,1555413240, 
389,94728,37206,0,0,0,0,0,1555361059, 
390,95009,37206,0,0,0,0,0,1555361059, 
391,94868,37056,9000,0,0,0,0,1555361059, 
392,94868,37345,27000,0,0,0,0,1555413240, 
393,94868,31339,9000,0,2,0,0,1555361059, 
394,94868,43082,27000,0,2,0,0,1555413240, 
395,97018,37206,0,0,0,0,0,1555361059, 
396,97299,37206,0,0,0,0,0,1555361059, 
397,97158,37056,9000,0,0,0,0,1555361059, 
398,97158,37345,27000,0,0,0,0,1555413240, 
399,97158,31336,9000,0,2,0,0,1555361059, 
400,97158,43077,27000,0,2,0,0,1555413240, 
401,99683,37206,0,0,0,0,0,1555361059, 
402,99964,37206,0,0,0,0,0,1555361059, 
403,99823,37056,9000,0,0,0,0,1555361059, 
404,99823,37345,27000,0,0,0,0,1555413240, 
405,99823,31340,9000,0,2,0,0,1555361059, 
406,99823,43077,27000,0,2,0,0,1555413240, 
407,102183,37206,0,0,0,0,0,1555413240, 
408,102464,37206,0,0,0,0,0,1555413240, 
409,102323,37056,9000,0,0,0,0,1555413240, 
410,102323,37345,27000,0,0,0,0,1555413240, 
411,102323,31340,9000,0,2,0,0,1555361059, 
412,102323,43077,27000,0,2,0,0,1555413240, 
413,10516,60117,9000,0,0,0,0,1555428703, 
414,10516,54386,9000,0,2,0,0,1555429456, 
415,12849,54392,9000,0,2,0,0,1555412005, 
416,12849,66107,27000,0,2,0,0,1555413062, 
417,15023,60260,0,0,0,0,0,1555412005, 
418,15304,60260,0,0,0,0,0,1555412005, 
419,15163,60110,9000,0,0,0,0,1555412005, 
420,15163,60399,27000,0,0,0,0,1555413062, 
421,15163,54394,9000,0,2,0,0,1555412005, 
422,15163,66102,27000,0,2,0,0,1555413062, 
423,17783,60260,0,0,0,0,0,1555429126, 
424,18064,60260,0,0,0,0,0,1555425810, 
425,17923,60110,9000,0,0,0,0,1555425810, 
426,17923,60399,27000,0,0,0,0,1555425810, 
427,17923,54390,9000,0,2,0,0,1555425810, 
428,17923,66130,27000,0,2,0,0,1555426023, 
429,20069,60260,0,0,0,0,0,1555412005, 
430,20350,60260,0,0,0,0,0,1555412005, 
431,20209,60110,9000,0,0,0,0,1555412005, 
432,20209,60399,27000,0,0,0,0,1555413062, 
433,20209,54396,9000,0,2,0,0,1555412005, 
434,20209,66133,27000,0,2,0,0,1555414862, 
435,22371,60260,0,0,0,0,0,1555414044, 
436,22652,60260,0,0,0,0,0,1555414044, 
437,22511,60110,9000,0,0,0,0,1555414044, 
438,22511,60399,27000,0,0,0,0,1555414044, 
439,22511,54385,9000,0,2,0,0,1555414399, 
440,22511,66133,27000,0,2,0,0,1555414228, 
441,25173,60260,0,0,0,0,0,1555412005, 
442,25454,60260,0,0,0,0,0,1555412005, 
443,25313,60110,9000,0,0,0,0,1555412005, 
444,25313,60399,27000,0,0,0,0,1555413062, 
445,25313,54397,9000,0,2,0,0,1555412005, 
446,25313,66124,27000,0,2,0,0,1555413062, 
447,34871,60260,0,0,0,0,0,1555412005, 
448,35152,60260,0,0,0,0,0,1555412005, 
449,35011,60110,9000,0,0,0,0,1555412005, 
450,35011,60399,27000,0,0,0,0,1555413062, 
451,35011,54397,9000,0,2,0,0,1555412005, 
452,35011,66129,27000,0,2,0,0,1555413062, 
453,37653,60260,0,0,0,0,0,1555412005, 
454,37934,60260,0,0,0,0,0,1555412005, 
455,37793,60110,9000,0,0,0,0,1555412005, 
456,37793,60399,27000,0,0,0,0,1555413062, 
457,37793,54397,9000,0,2,0,0,1555412005, 
458,37793,66132,27000,0,2,0,0,1555413062, 
459,39953,60260,0,0,0,0,0,1555412005, 
460,40234,60260,0,0,0,0,0,1555412005, 
461,40093,60110,9000,0,0,0,0,1555412005, 
462,40093,60399,27000,0,0,0,0,1555413062, 
463,40093,54380,9000,0,2,0,0,1555412005, 
464,40093,66131,27000,0,2,0,0,1555413062, 
465,42748,60260,0,0,0,0,0,1555429702, 
466,43029,60260,0,0,0,0,0,1555429702, 
467,42888,60399,27000,0,0,0,0,1555429997, 
468,42888,66133,27000,0,2,0,0,1555430596, 
469,45055,60260,0,0,0,0,0,1555587949, 
470,45336,60260,0,0,0,0,0,1555430788, 
471,45195,60399,27000,0,0,0,0,1555430788, 
472,45195,66126,27000,0,2,0,0,1555430788, 
473,47336,60260,0,0,0,0,0,1555431149, 
474,47617,60260,0,0,0,0,0,1555431149, 
475,47476,60399,27000,0,0,0,0,1555431149, 
476,47476,66117,27000,0,2,0,0,1555431637, 
477,50139,60260,0,0,0,0,0,1555431470, 
478,50420,60260,0,0,0,0,0,1555431470, 
479,50279,60399,27000,0,0,0,0,1555431470, 
480,50279,66134,27000,0,2,0,0,1555431470, 
481,52452,60260,0,0,0,0,0,1555587936, 
482,52733,60260,0,0,0,0,0,1555432036, 
483,52592,60399,27000,0,0,0,0,1555432036, 
484,52592,66128,27000,0,2,0,0,1555432823, 
485,54759,60260,0,0,0,0,0,1555412005, 
486,55040,60260,0,0,0,0,0,1555412005, 
487,54899,60399,27000,0,0,0,0,1555413062, 
488,54899,66121,27000,0,2,0,0,1555432965, 
489,57568,60260,0,0,0,0,0,1555412005, 
490,57849,60260,0,0,0,0,0,1555412005, 
491,57708,60399,27000,0,0,0,0,1555413062, 
492,57708,66130,27000,0,2,0,0,1555413062, 
493,59857,60260,0,0,0,0,0,1555587919, 
494,60138,60260,0,0,0,0,0,1555412005, 
495,59997,60399,27000,0,0,0,0,1555413062, 
496,59997,66127,27000,0,2,0,0,1555413062, 
497,62160,60260,0,0,0,0,0,1555412005, 
498,62441,60260,0,0,0,0,0,1555412005, 
499,62300,60399,27000,0,0,0,0,1555413062, 
500,62300,66131,27000,0,2,0,0,1555413062, 
501,64962,60260,0,0,0,0,0,1555412005, 
502,65243,60260,0,0,0,0,0,1555412005, 
503,65102,60399,27000,0,0,0,0,1555413062, 
504,65102,66122,27000,0,2,0,0,1555413062, 
505,67258,60260,0,0,0,0,0,1555587897, 
506,67539,60260,0,0,0,0,0,1555412005, 
507,67398,60399,27000,0,0,0,0,1555413062, 
508,67398,66126,27000,0,2,0,0,1555413062, 
509,69553,60260,0,0,0,0,0,1555412005, 
510,69834,60260,0,0,0,0,0,1555412005, 
511,69693,60399,27000,0,0,0,0,1555413062, 
512,69693,66169,27000,0,2,0,0,1555413062, 
513,72349,60260,0,0,0,0,0,1555412005, 
514,72630,60260,0,0,0,0,0,1555412005, 
515,72489,60110,9000,0,0,0,0,1555412005, 
516,72489,60399,27000,0,0,0,0,1555413062, 
517,72489,54394,9000,0,2,0,0,1555412005, 
518,72489,66126,27000,0,2,0,0,1555413062, 
519,74656,60260,0,0,0,0,0,1555412005, 
520,74937,60260,0,0,0,0,0,1555412005, 
521,74796,60110,9000,0,0,0,0,1555412005, 
522,74796,60399,27000,0,0,0,0,1555413062, 
523,74796,54390,9000,0,2,0,0,1555412005, 
524,74796,66130,27000,0,2,0,0,1555413062, 
525,77502,60260,0,0,0,0,0,1555412005, 
526,77783,60260,0,0,0,0,0,1555412005, 
527,77642,60110,9000,0,0,0,0,1555412005, 
528,77642,60399,27000,0,0,0,0,1555413062, 
529,77642,54381,9000,0,2,0,0,1555412005, 
530,77642,66131,27000,0,2,0,0,1555413062, 
531,79796,60260,0,0,0,0,0,1555412005, 
532,80077,60260,0,0,0,0,0,1555412005, 
533,79936,60110,9000,0,0,0,0,1555412005, 
534,79936,60399,27000,0,0,0,0,1555413062, 
535,79936,54388,9000,0,2,0,0,1555412005, 
536,79936,66134,27000,0,2,0,0,1555413062, 
537,82103,60260,0,0,0,0,0,1555412005, 
538,82384,60260,0,0,0,0,0,1555412005, 
539,82243,60110,9000,0,0,0,0,1555412005, 
540,82243,60399,27000,0,0,0,0,1555413062, 
541,82243,54388,9000,0,2,0,0,1555412005, 
542,82250,66138,27000,0,2,0,0,1555413062, 
543,84897,60260,0,0,0,0,0,1555412005, 
544,85178,60260,0,0,0,0,0,1555412005, 
545,85037,60110,9000,0,0,0,0,1555412005, 
546,85037,60399,27000,0,0,0,0,1555413062, 
547,85037,54389,9000,0,2,0,0,1555412005, 
548,85037,66134,27000,0,2,0,0,1555413062, 
549,87183,60260,0,0,0,0,0,1555412005, 
550,87464,60260,0,0,0,0,0,1555412005, 
551,87323,60110,9000,0,0,0,0,1555412005, 
552,87323,60399,27000,0,0,0,0,1555413062, 
553,87323,54391,9000,0,2,0,0,1555412005, 
554,87323,66135,27000,0,2,0,0,1555413062, 
555,104321,60260,18000,0,0,0,0,1555412005, 
556,104650,60110,9000,0,0,0,0,1555412005, 
557,104650,54398,9000,0,2,0,0,1555412005, 
558,12709,60260,0,0,0,0,0,1555412005, 
559,12990,60260,0,0,0,0,0,1555412005, 
560,12849,60110,9000,0,0,0,0,1555412005, 
561,12849,60399,27000,0,0,0,0,1555413062, 
562,11009,60260,18000,0,0,0,0,1555412005, 
563,27463,60260,0,0,0,0,0,1555412005, 
564,27744,60260,0,0,0,0,0,1555412005, 
565,27603,60110,9000,0,0,0,0,1555412005, 
566,27603,60399,27000,0,0,0,0,1555413062, 
567,27603,54393,9000,0,2,0,0,1555412005, 
568,27603,66127,27000,0,2,0,0,1555413062, 
569,29781,60260,0,0,0,0,0,1555412005, 
570,30062,60260,0,0,0,0,0,1555412005, 
571,29921,60110,9000,0,0,0,0,1555412005, 
572,29921,60399,27000,0,0,0,0,1555413062, 
573,29921,54401,9000,0,2,0,0,1555412005, 
574,29921,66127,27000,0,2,0,0,1555413062, 
575,32560,60260,0,0,0,0,0,1555412005, 
576,32841,60260,0,0,0,0,0,1555412005, 
577,32700,60110,9000,0,0,0,0,1555412005, 
578,32700,60399,27000,0,0,0,0,1555413062, 
579,32700,54403,9000,0,2,0,0,1555412005, 
580,32700,66129,27000,0,2,0,0,1555413062, 
581,34430,60260,0,0,0,0,0,1555412005, 
582,89483,60260,0,0,0,0,0,1555412005, 
583,89764,60260,0,0,0,0,0,1555412005, 
584,89623,60110,9000,0,0,0,0,1555412005, 
585,89623,60399,27000,0,0,0,0,1555413062, 
586,89623,54381,9000,0,2,0,0,1555412005, 
587,89623,66131,27000,0,2,0,0,1555413062, 
588,92403,60260,0,0,0,0,0,1555412005, 
589,92684,60260,0,0,0,0,0,1555412005, 
590,92543,60110,9000,0,0,0,0,1555412005, 
591,92543,60399,27000,0,0,0,0,1555413062, 
592,92543,54400,9000,0,2,0,0,1555412006, 
593,92543,66131,27000,0,2,0,0,1555413062, 
594,94706,60260,0,0,0,0,0,1555412006, 
595,94987,60260,0,0,0,0,0,1555412006, 
596,94846,60110,9000,0,0,0,0,1555412006, 
597,94846,60399,27000,0,0,0,0,1555413062, 
598,94846,54394,9000,0,2,0,0,1555412006, 
599,94846,66136,27000,0,2,0,0,1555413062, 
600,96993,60260,0,0,0,0,0,1555412006, 
601,97274,60260,0,0,0,0,0,1555412006, 
602,97133,60110,9000,0,0,0,0,1555412006, 
603,97133,60399,27000,0,0,0,0,1555413062, 
604,97133,54395,9000,0,2,0,0,1555412006, 
605,97133,66124,27000,0,2,0,0,1555413062, 
606,99683,60260,0,0,0,0,0,1555412006, 
607,99964,60260,0,0,0,0,0,1555412006, 
608,99823,60110,9000,0,0,0,0,1555412006, 
609,99823,60399,27000,0,0,0,0,1555413062, 
610,99823,54394,9000,0,2,0,0,1555412006, 
611,99823,66131,27000,0,2,0,0,1555413062, 
612,102183,60260,0,0,0,0,0,1555412006, 
613,102464,60260,0,0,0,0,0,1555412006, 
614,102323,60110,9000,0,0,0,0,1555412006, 
615,102323,60399,27000,0,0,0,0,1555413062, 
616,102323,54394,9000,0,2,0,0,1555412006, 
617,102323,66131,27000,0,2,0,0,1555413062, 
618,59181,14035,0,0,0,0,0,1555509832, 
619,59026,7574,9000,0,2,0,0,1555426497, 
620,58882,14035,0,0,0,0,0,1555509827, 
621,59026,13971,9000,0,0,0,0,1555780851, 
622,59026,13858,27000,0,0,0,0,1555780851, 
623,59026,6928,27000,0,2,0,0,1555426497, 
625,52091,14035,0,0,0,0,0,1555509869, 
626,51936,7574,9000,0,2,0,0,1555426541, 
627,51792,14035,0,0,0,0,0,1555509879, 
628,51936,13971,9000,0,0,0,0,1555781287, 
629,51936,13858,27000,0,0,0,0,1555781287, 
630,51936,6928,27000,0,2,0,0,1555426541, 
632,45091,14035,0,0,0,0,0,1555509905, 
633,44936,7574,9000,0,2,0,0,1555426556, 
634,44792,14035,0,0,0,0,0,1555509896, 
635,44936,13971,9000,0,0,0,0,1555781368, 
636,44936,13858,27000,0,0,0,0,1555781368, 
637,44936,6928,27000,0,2,0,0,1555426556, 
639,44815,37206,0,0,0,0,0,1555587770, 
640,44660,30745,9000,0,2,0,0,1555488457, 
641,44516,37206,0,0,0,0,0,1555587763, 
642,44660,37142,9000,0,0,0,0,1555784032, 
643,44660,37029,27000,0,0,0,0,1555784032, 
644,44660,30099,27000,0,2,0,0,1555488457, 
646,52088,37206,0,0,0,0,0,1555587807, 
647,51933,30745,9000,0,2,0,0,1555488355, 
648,51789,37206,0,0,0,0,0,1555587797, 
649,51933,37142,9000,0,0,0,0,1555783727, 
650,51933,37029,27000,0,0,0,0,1555783727, 
651,51933,30099,27000,0,2,0,0,1555488355, 
653,59563,37206,0,0,0,0,0,1555782929, 
654,59408,30745,9000,0,2,0,0,1555488283, 
655,59264,37206,0,0,0,0,0,1555587854, 
656,59408,37142,9000,0,0,0,0,1555783646, 
657,59408,37029,27000,0,0,0,0,1555783646, 
658,59408,30099,27000,0,2,0,0,1555488283, 
660,66954,37206,0,0,0,0,0,1555587662, 
661,66799,30745,9000,0,2,0,0,1555488165, 
662,66655,37206,0,0,0,0,0,1555587648, 
663,66799,37142,9000,0,0,0,0,1555782624, 
664,66799,37029,27000,0,0,0,0,1555782624, 
665,66799,30099,27000,0,2,0,0,1555488165, 
667,66954,60260,0,0,0,0,0,1555587900, 
668,66799,53799,9000,0,2,0,0,1555488574, 
669,66655,60260,0,0,0,0,0,1555587893, 
670,66799,60196,9000,0,0,0,0,1555784485, 
671,66799,60083,27000,0,0,0,0,1555784485, 
672,66799,53153,27000,0,2,0,0,1555488574, 
674,59384,60260,0,0,0,0,0,1555587921, 
675,59231,53799,9000,0,2,0,0,1555488648, 
676,59087,60260,0,0,0,0,0,1555587909, 
677,59231,60196,9000,0,0,0,0,1555784582, 
678,59231,60083,27000,0,0,0,0,1555784582, 
679,59231,53153,27000,0,2,0,0,1555488648, 
681,52152,60260,0,0,0,0,0,1555587939, 
682,51997,53799,9000,0,2,0,0,1555488709, 
683,51853,60260,0,0,0,0,0,1555587971, 
684,51997,60196,9000,0,0,0,0,1555784713, 
685,51997,60083,27000,0,0,0,0,1555784713, 
686,51997,53153,27000,0,2,0,0,1555488709, 
688,44810,60260,0,0,0,0,0,1555587961, 
689,44655,53799,9000,0,2,0,0,1555488746, 
690,44511,60260,0,0,0,0,0,1555587953, 
691,44655,59896,9000,0,0,0,0,1555784855, 
692,44655,59783,27000,0,0,0,0,1555784855, 
693,44655,53153,27000,0,2,0,0,1555488746, 
695,10506,83117,9000,0,0,0,0,1555426759, 
696,10506,77398,9000,0,2,0,0,1555426759, 
697,12849,77392,9000,0,2,0,0,1555426759, 
698,12849,89107,27000,0,2,0,0,1555426759, 
699,15023,83260,0,0,0,0,0,1555426759, 
700,15304,83260,0,0,0,0,0,1555426759, 
701,15163,83110,9000,0,0,0,0,1555426759, 
702,15163,83399,27000,0,0,0,0,1555426759, 
703,15163,77394,9000,0,2,0,0,1555426759, 
704,15163,89102,27000,0,2,0,0,1555426759, 
705,17783,83260,0,0,0,0,0,1555426759, 
706,18064,83260,0,0,0,0,0,1555426759, 
707,17923,83110,9000,0,0,0,0,1555426759, 
708,17923,83399,27000,0,0,0,0,1555426759, 
709,17923,77390,9000,0,2,0,0,1555426759, 
710,17923,89130,27000,0,2,0,0,1555426759, 
711,20069,83260,0,0,0,0,0,1555426759, 
712,20350,83260,0,0,0,0,0,1555426759, 
713,20209,83110,9000,0,0,0,0,1555426759, 
714,20209,83399,27000,0,0,0,0,1555426759, 
715,20209,77396,9000,0,2,0,0,1555426759, 
716,20209,89133,27000,0,2,0,0,1555426759, 
717,22371,83260,0,0,0,0,0,1555426759, 
718,22652,83260,0,0,0,0,0,1555426759, 
719,22511,83110,9000,0,0,0,0,1555426759, 
720,22511,83399,27000,0,0,0,0,1555426759, 
721,22511,77385,9000,0,2,0,0,1555426759, 
722,22511,89133,27000,0,2,0,0,1555426759, 
723,25173,83260,0,0,0,0,0,1555426759, 
724,25454,83260,0,0,0,0,0,1555426759, 
725,25313,83110,9000,0,0,0,0,1555426759, 
726,25313,83399,27000,0,0,0,0,1555426759, 
727,25313,77397,9000,0,2,0,0,1555426759, 
728,25313,89124,27000,0,2,0,0,1555426759, 
729,34871,83260,0,0,0,0,0,1555426760, 
730,35152,83260,0,0,0,0,0,1555426760, 
731,35011,83110,9000,0,0,0,0,1555426760, 
732,35011,83399,27000,0,0,0,0,1555426760, 
733,35011,77397,9000,0,2,0,0,1555426760, 
734,35011,89129,27000,0,2,0,0,1555426760, 
735,37653,83260,0,0,0,0,0,1555426760, 
736,37934,83260,0,0,0,0,0,1555426760, 
737,37793,83110,9000,0,0,0,0,1555426760, 
738,37793,83399,27000,0,0,0,0,1555426760, 
739,37793,77397,9000,0,2,0,0,1555426760, 
740,37793,89132,27000,0,2,0,0,1555426760, 
741,39953,83260,0,0,0,0,0,1555426760, 
742,40234,83260,0,0,0,0,0,1555426760, 
743,40093,83110,9000,0,0,0,0,1555426760, 
744,40093,83399,27000,0,0,0,0,1555426760, 
745,40093,77380,9000,0,2,0,0,1555426760, 
746,40093,89131,27000,0,2,0,0,1555426760, 
747,42778,83260,0,0,0,0,0,1555426760, 
748,43059,83260,0,0,0,0,0,1555426760, 
749,42918,83399,27000,0,0,0,0,1555426760, 
750,42918,89110,27000,0,2,0,0,1555426760, 
751,45075,83260,0,0,0,0,0,1555426760, 
752,45356,83260,0,0,0,0,0,1555426760, 
753,45215,83399,27000,0,0,0,0,1555426760, 
754,45215,89126,27000,0,2,0,0,1555426760, 
755,47386,83260,0,0,0,0,0,1555426760, 
756,47667,83260,0,0,0,0,0,1555426760, 
757,47526,83399,27000,0,0,0,0,1555426760, 
758,47526,89127,27000,0,2,0,0,1555426760, 
759,50179,83260,0,0,0,0,0,1555426760, 
760,50460,83260,0,0,0,0,0,1555426760, 
761,50319,83399,27000,0,0,0,0,1555426760, 
762,50319,89134,27000,0,2,0,0,1555426760, 
763,52477,83260,0,0,0,0,0,1555426760, 
764,52758,83260,0,0,0,0,0,1555426760, 
765,52617,83399,27000,0,0,0,0,1555426760, 
766,52617,89136,27000,0,2,0,0,1555426760, 
767,54759,83260,0,0,0,0,0,1555426760, 
768,55040,83260,0,0,0,0,0,1555426760, 
769,54899,83399,27000,0,0,0,0,1555426760, 
770,54899,89108,27000,0,2,0,0,1555426760, 
771,57568,83260,0,0,0,0,0,1555426760, 
772,57849,83260,0,0,0,0,0,1555426760, 
773,57708,83399,27000,0,0,0,0,1555426760, 
774,57708,89130,27000,0,2,0,0,1555426760, 
775,59857,83260,0,0,0,0,0,1555426760, 
776,60138,83260,0,0,0,0,0,1555426760, 
777,59997,83399,27000,0,0,0,0,1555426760, 
778,59997,89127,27000,0,2,0,0,1555426760, 
779,62160,83260,0,0,0,0,0,1555426760, 
780,62441,83260,0,0,0,0,0,1555426760, 
781,62300,83399,27000,0,0,0,0,1555426760, 
782,62300,89131,27000,0,2,0,0,1555426760, 
783,64962,83260,0,0,0,0,0,1555426760, 
784,65243,83260,0,0,0,0,0,1555426760, 
785,65102,83399,27000,0,0,0,0,1555426760, 
786,65102,89122,27000,0,2,0,0,1555426760, 
787,67258,83260,0,0,0,0,0,1555426760, 
788,67539,83260,0,0,0,0,0,1555426760, 
789,67398,83399,27000,0,0,0,0,1555426760, 
790,67398,89126,27000,0,2,0,0,1555426760, 
791,69553,83260,0,0,0,0,0,1555426760, 
792,69834,83260,0,0,0,0,0,1555426760, 
793,69693,83399,27000,0,0,0,0,1555426760, 
794,69693,89169,27000,0,2,0,0,1555426760, 
795,72349,83260,0,0,0,0,0,1555426760, 
796,72630,83260,0,0,0,0,0,1555426760, 
797,72489,83110,9000,0,0,0,0,1555426760, 
798,72489,83399,27000,0,0,0,0,1555426760, 
799,72489,77394,9000,0,2,0,0,1555426760, 
800,72489,89126,27000,0,2,0,0,1555426760, 
801,74656,83260,0,0,0,0,0,1555426760, 
802,74937,83260,0,0,0,0,0,1555426760, 
803,74796,83110,9000,0,0,0,0,1555426760, 
804,74796,83399,27000,0,0,0,0,1555426760, 
805,74796,77390,9000,0,2,0,0,1555426760, 
806,74796,89130,27000,0,2,0,0,1555426760, 
807,77502,83260,0,0,0,0,0,1555426760, 
808,77783,83260,0,0,0,0,0,1555426760, 
809,77642,83110,9000,0,0,0,0,1555426760, 
810,77642,83399,27000,0,0,0,0,1555426760, 
811,77642,77381,9000,0,2,0,0,1555426760, 
812,77642,89131,27000,0,2,0,0,1555426760, 
813,79796,83260,0,0,0,0,0,1555426760, 
814,80077,83260,0,0,0,0,0,1555426760, 
815,79936,83110,9000,0,0,0,0,1555426760, 
816,79936,83399,27000,0,0,0,0,1555426760, 
817,79936,77388,9000,0,2,0,0,1555426760, 
818,79936,89134,27000,0,2,0,0,1555426760, 
819,82103,83260,0,0,0,0,0,1555426760, 
820,82384,83260,0,0,0,0,0,1555426760, 
821,82243,83110,9000,0,0,0,0,1555426760, 
822,82243,83399,27000,0,0,0,0,1555426760, 
823,82243,77388,9000,0,2,0,0,1555426761, 
824,82250,89138,27000,0,2,0,0,1555426761, 
825,84897,83260,0,0,0,0,0,1555426761, 
826,85178,83260,0,0,0,0,0,1555426761, 
827,85037,83110,9000,0,0,0,0,1555426761, 
828,85037,83399,27000,0,0,0,0,1555426761, 
829,85037,77389,9000,0,2,0,0,1555426761, 
830,85037,89134,27000,0,2,0,0,1555426761, 
831,87183,83260,0,0,0,0,0,1555426761, 
832,87464,83260,0,0,0,0,0,1555426761, 
833,87323,83110,9000,0,0,0,0,1555426761, 
834,87323,83399,27000,0,0,0,0,1555426761, 
835,87323,77391,9000,0,2,0,0,1555426761, 
836,87323,89135,27000,0,2,0,0,1555426761, 
837,104321,83260,18000,0,0,0,0,1555426761, 
838,104650,83110,9000,0,0,0,0,1555426761, 
839,104650,77398,9000,0,2,0,0,1555426761, 
840,12709,83260,0,0,0,0,0,1555426761, 
841,12990,83260,0,0,0,0,0,1555426761, 
842,12849,83110,9000,0,0,0,0,1555426761, 
843,12849,83399,27000,0,0,0,0,1555426761, 
844,11009,83260,18000,0,0,0,0,1555426761, 
845,27463,83260,0,0,0,0,0,1555426761, 
846,27744,83260,0,0,0,0,0,1555426761, 
847,27603,83110,9000,0,0,0,0,1555426761, 
848,27603,83399,27000,0,0,0,0,1555426761, 
849,27603,77393,9000,0,2,0,0,1555426761, 
850,27603,89127,27000,0,2,0,0,1555426761, 
851,29781,83260,0,0,0,0,0,1555426761, 
852,30062,83260,0,0,0,0,0,1555426761, 
853,29921,83110,9000,0,0,0,0,1555426761, 
854,29921,83399,27000,0,0,0,0,1555426761, 
855,29921,77401,9000,0,2,0,0,1555426761, 
856,29921,89127,27000,0,2,0,0,1555426761, 
857,32560,83260,0,0,0,0,0,1555426761, 
858,32841,83260,0,0,0,0,0,1555426761, 
859,32700,83110,9000,0,0,0,0,1555426761, 
860,32700,83399,27000,0,0,0,0,1555426761, 
861,32700,77403,9000,0,2,0,0,1555426761, 
862,32700,89129,27000,0,2,0,0,1555426761, 
863,34430,83260,0,0,0,0,0,1555426761, 
864,89483,83260,0,0,0,0,0,1555426761, 
865,89764,83260,0,0,0,0,0,1555426761, 
866,89623,83110,9000,0,0,0,0,1555426761, 
867,89623,83399,27000,0,0,0,0,1555426761, 
868,89623,77381,9000,0,2,0,0,1555426761, 
869,89623,89131,27000,0,2,0,0,1555426761, 
870,92403,83260,0,0,0,0,0,1555426761, 
871,92684,83260,0,0,0,0,0,1555426761, 
872,92543,83110,9000,0,0,0,0,1555426761, 
873,92543,83399,27000,0,0,0,0,1555426761, 
874,92543,77400,9000,0,2,0,0,1555426761, 
875,92543,89131,27000,0,2,0,0,1555426761, 
876,94706,83260,0,0,0,0,0,1555426761, 
877,94987,83260,0,0,0,0,0,1555426761, 
878,94846,83110,9000,0,0,0,0,1555426761, 
879,94846,83399,27000,0,0,0,0,1555426761, 
880,94846,77394,9000,0,2,0,0,1555426761, 
881,94846,89136,27000,0,2,0,0,1555426761, 
882,96993,83260,0,0,0,0,0,1555426761, 
883,97274,83260,0,0,0,0,0,1555426761, 
884,97133,83110,9000,0,0,0,0,1555426761, 
885,97133,83399,27000,0,0,0,0,1555426761, 
886,97133,77395,9000,0,2,0,0,1555426761, 
887,97133,89124,27000,0,2,0,0,1555426761, 
888,99683,83260,0,0,0,0,0,1555426761, 
889,99964,83260,0,0,0,0,0,1555426761, 
890,99823,83110,9000,0,0,0,0,1555426761, 
891,99823,83399,27000,0,0,0,0,1555426761, 
892,99823,77394,9000,0,2,0,0,1555426761, 
893,99823,89131,27000,0,2,0,0,1555426761, 
894,102183,83260,0,0,0,0,0,1555426761, 
895,102464,83260,0,0,0,0,0,1555426761, 
896,102323,83110,9000,0,0,0,0,1555426761, 
897,102323,83399,27000,0,0,0,0,1555426761, 
898,102323,77394,9000,0,2,0,0,1555426761, 
899,102323,89131,27000,0,2,0,0,1555426761, 
900,66954,83260,0,0,0,0,0,1555588002, 
901,66799,76799,9000,0,2,0,0,1555508700, 
902,66655,83260,0,0,0,0,0,1555587993, 
903,66799,83196,9000,0,0,0,0,1555793837, 
904,66799,83083,27000,0,0,0,0,1555793837, 
905,66799,76153,27000,0,2,0,0,1555508700, 
907,59386,83260,0,0,0,0,0,1555508637, 
908,59231,76799,9000,0,2,0,0,1555508637, 
909,59087,83260,0,0,0,0,0,1555508637, 
910,59231,83196,9000,0,0,0,0,1555793983, 
911,59231,83083,27000,0,0,0,0,1555793985, 
912,59231,76153,27000,0,2,0,0,1555508637, 
914,52152,83260,0,0,0,0,0,1555542264, 
915,51997,76801,9000,0,2,0,0,1555542178, 
916,51853,83260,0,0,0,0,0,1555542264, 
917,51997,83196,9000,0,0,0,0,1555794051, 
918,51997,83083,27000,0,0,0,0,1555794051, 
919,51997,76155,27000,0,2,0,0,1555542178, 
921,44810,83260,0,0,0,0,0,1555508482, 
922,44655,76799,9000,0,2,0,0,1555508482, 
923,44511,83260,0,0,0,0,0,1555508482, 
924,44655,83196,9000,0,0,0,0,1555794134, 
925,44655,83083,27000,0,0,0,0,1555794132, 
926,44655,76153,27000,0,2,0,0,1555508482, 
928,10506,106217,9000,0,0,0,0,1555426834, 
929,10506,100498,9000,0,2,0,0,1555426834, 
930,12849,100492,9000,0,2,0,0,1555426834, 
931,12849,112207,27000,0,2,0,0,1555426834, 
932,15023,106360,0,0,0,0,0,1555426834, 
933,15304,106360,0,0,0,0,0,1555426834, 
934,15163,106210,9000,0,0,0,0,1555426834, 
935,15163,106499,27000,0,0,0,0,1555426834, 
936,15163,100494,9000,0,2,0,0,1555426834, 
937,15163,112202,27000,0,2,0,0,1555426834, 
938,17783,106360,0,0,0,0,0,1555426834, 
939,18064,106360,0,0,0,0,0,1555426834, 
940,17923,106210,9000,0,0,0,0,1555426834, 
941,17923,106499,27000,0,0,0,0,1555426834, 
942,17923,100490,9000,0,2,0,0,1555426834, 
943,17923,112230,27000,0,2,0,0,1555426834, 
944,20069,106360,0,0,0,0,0,1555426834, 
945,20350,106360,0,0,0,0,0,1555426834, 
946,20209,106210,9000,0,0,0,0,1555426834, 
947,20209,106499,27000,0,0,0,0,1555426834, 
948,20209,100496,9000,0,2,0,0,1555426834, 
949,20209,112233,27000,0,2,0,0,1555426834, 
950,22371,106360,0,0,0,0,0,1555426834, 
951,22652,106360,0,0,0,0,0,1555426834, 
952,22511,106210,9000,0,0,0,0,1555426834, 
953,22511,106499,27000,0,0,0,0,1555426834, 
954,22511,100485,9000,0,2,0,0,1555426834, 
955,22511,112233,27000,0,2,0,0,1555426834, 
956,25173,106360,0,0,0,0,0,1555426834, 
957,25454,106360,0,0,0,0,0,1555426834, 
958,25313,106210,9000,0,0,0,0,1555426834, 
959,25313,106499,27000,0,0,0,0,1555426834, 
960,25313,100497,9000,0,2,0,0,1555426834, 
961,25313,112224,27000,0,2,0,0,1555426834, 
962,34871,106360,0,0,0,0,0,1555426834, 
963,35152,106360,0,0,0,0,0,1555426834, 
964,35011,106210,9000,0,0,0,0,1555426834, 
965,35011,106499,27000,0,0,0,0,1555426834, 
966,35011,100497,9000,0,2,0,0,1555426834, 
967,35011,112229,27000,0,2,0,0,1555426834, 
968,37653,106360,0,0,0,0,0,1555426834, 
969,37934,106360,0,0,0,0,0,1555426834, 
970,37793,106210,9000,0,0,0,0,1555426834, 
971,37793,106499,27000,0,0,0,0,1555426834, 
972,37793,100497,9000,0,2,0,0,1555426834, 
973,37793,112232,27000,0,2,0,0,1555426834, 
974,39953,106360,0,0,0,0,0,1555426834, 
975,40234,106360,0,0,0,0,0,1555426835, 
976,40093,106210,9000,0,0,0,0,1555426835, 
977,40093,106499,27000,0,0,0,0,1555426835, 
978,40093,100480,9000,0,2,0,0,1555426835, 
979,40093,112231,27000,0,2,0,0,1555426835, 
980,42778,106360,0,0,0,0,0,1555426835, 
981,43059,106360,0,0,0,0,0,1555426835, 
982,42918,106499,27000,0,0,0,0,1555426835, 
983,42918,112210,27000,0,2,0,0,1555426835, 
984,45075,106360,0,0,0,0,0,1555426835, 
985,45356,106360,0,0,0,0,0,1555426835, 
986,45215,106499,27000,0,0,0,0,1555426835, 
987,45215,112226,27000,0,2,0,0,1555426835, 
988,47386,106360,0,0,0,0,0,1555426835, 
989,47667,106360,0,0,0,0,0,1555426835, 
990,47526,106499,27000,0,0,0,0,1555426835, 
991,47526,112227,27000,0,2,0,0,1555426835, 
992,50179,106360,0,0,0,0,0,1555426835, 
993,50460,106360,0,0,0,0,0,1555426835, 
994,50319,106499,27000,0,0,0,0,1555426835, 
995,50319,112234,27000,0,2,0,0,1555426835, 
996,52477,106360,0,0,0,0,0,1555426835, 
997,52758,106360,0,0,0,0,0,1555426835, 
998,52617,106499,27000,0,0,0,0,1555426835, 
999,52617,112236,27000,0,2,0,0,1555426835, 
1000,54759,106360,0,0,0,0,0,1555426835, 
1001,55040,106360,0,0,0,0,0,1555426835, 
1002,54899,106499,27000,0,0,0,0,1555426835, 
1003,54899,112208,27000,0,2,0,0,1555426835, 
1004,57568,106360,0,0,0,0,0,1555426835, 
1005,57849,106360,0,0,0,0,0,1555426835, 
1006,57708,106499,27000,0,0,0,0,1555426835, 
1007,57708,112230,27000,0,2,0,0,1555426835, 
1008,59857,106360,0,0,0,0,0,1555426835, 
1009,60138,106360,0,0,0,0,0,1555426835, 
1010,59997,106499,27000,0,0,0,0,1555426835, 
1011,59997,112227,27000,0,2,0,0,1555426835, 
1012,62160,106360,0,0,0,0,0,1555426835, 
1013,62441,106360,0,0,0,0,0,1555426835, 
1014,62300,106499,27000,0,0,0,0,1555426835, 
1015,62300,112231,27000,0,2,0,0,1555426835, 
1016,64962,106360,0,0,0,0,0,1555426835, 
1017,65243,106360,0,0,0,0,0,1555426835, 
1018,65102,106499,27000,0,0,0,0,1555426835, 
1019,65102,112222,27000,0,2,0,0,1555426835, 
1020,67258,106360,0,0,0,0,0,1555596985, 
1021,67539,106360,0,0,0,0,0,1555596993, 
1022,67398,106499,27000,0,0,0,0,1555596990, 
1023,67398,112226,27000,0,2,0,0,1555426835, 
1024,69553,106360,0,0,0,0,0,1555426835, 
1025,69834,106360,0,0,0,0,0,1555426835, 
1026,69693,106499,27000,0,0,0,0,1555426835, 
1027,69693,112269,27000,0,2,0,0,1555426835, 
1028,72349,106360,0,0,0,0,0,1555426835, 
1029,72630,106360,0,0,0,0,0,1555426835, 
1030,72489,106210,9000,0,0,0,0,1555426835, 
1031,72489,106499,27000,0,0,0,0,1555426835, 
1032,72489,100494,9000,0,2,0,0,1555426835, 
1033,72489,112226,27000,0,2,0,0,1555426835, 
1034,74656,106360,0,0,0,0,0,1555426835, 
1035,74937,106360,0,0,0,0,0,1555426835, 
1036,74796,106210,9000,0,0,0,0,1555426835, 
1037,74796,106499,27000,0,0,0,0,1555426835, 
1038,74796,100490,9000,0,2,0,0,1555426835, 
1039,74796,112230,27000,0,2,0,0,1555426835, 
1040,77502,106360,0,0,0,0,0,1555426835, 
1041,77783,106360,0,0,0,0,0,1555426835, 
1042,77642,106210,9000,0,0,0,0,1555426835, 
1043,77642,106499,27000,0,0,0,0,1555426835, 
1044,77642,100481,9000,0,2,0,0,1555426835, 
1045,77642,112231,27000,0,2,0,0,1555426835, 
1046,79796,106360,0,0,0,0,0,1555426835, 
1047,80077,106360,0,0,0,0,0,1555426835, 
1048,79936,106210,9000,0,0,0,0,1555426835, 
1049,79936,106499,27000,0,0,0,0,1555426835, 
1050,79936,100488,9000,0,2,0,0,1555426835, 
1051,79936,112234,27000,0,2,0,0,1555426835, 
1052,82103,106360,0,0,0,0,0,1555426835, 
1053,82384,106360,0,0,0,0,0,1555426835, 
1054,82243,106210,9000,0,0,0,0,1555426835, 
1055,82243,106499,27000,0,0,0,0,1555426835, 
1056,82243,100488,9000,0,2,0,0,1555426835, 
1057,82250,112238,27000,0,2,0,0,1555426835, 
1058,84897,106360,0,0,0,0,0,1555426835, 
1059,85178,106360,0,0,0,0,0,1555426835, 
1060,85037,106210,9000,0,0,0,0,1555426835, 
1061,85037,106499,27000,0,0,0,0,1555426835, 
1062,85037,100489,9000,0,2,0,0,1555426835, 
1063,85037,112234,27000,0,2,0,0,1555426835, 
1064,87183,106360,0,0,0,0,0,1555426835, 
1065,87464,106360,0,0,0,0,0,1555426835, 
1066,87323,106210,9000,0,0,0,0,1555426835, 
1067,87323,106499,27000,0,0,0,0,1555426835, 
1068,87323,100491,9000,0,2,0,0,1555426835, 
1069,87323,112235,27000,0,2,0,0,1555426835, 
1070,104321,106360,18000,0,0,0,0,1555426835, 
1071,104650,106210,9000,0,0,0,0,1555426835, 
1072,104650,100498,9000,0,2,0,0,1555426835, 
1073,12709,106360,0,0,0,0,0,1555426835, 
1074,12990,106360,0,0,0,0,0,1555426835, 
1075,12849,106210,9000,0,0,0,0,1555426835, 
1076,12849,106499,27000,0,0,0,0,1555426836, 
1077,11009,106360,18000,0,0,0,0,1555426836, 
1078,27463,106360,0,0,0,0,0,1555426836, 
1079,27744,106360,0,0,0,0,0,1555426836, 
1080,27603,106210,9000,0,0,0,0,1555426836, 
1081,27603,106499,27000,0,0,0,0,1555426836, 
1082,27603,100493,9000,0,2,0,0,1555426836, 
1083,27603,112227,27000,0,2,0,0,1555426836, 
1084,29781,106360,0,0,0,0,0,1555426836, 
1085,30062,106360,0,0,0,0,0,1555426836, 
1086,29921,106210,9000,0,0,0,0,1555426836, 
1087,29921,106499,27000,0,0,0,0,1555426836, 
1088,29921,100501,9000,0,2,0,0,1555426836, 
1089,29921,112227,27000,0,2,0,0,1555426836, 
1090,32560,106360,0,0,0,0,0,1555426836, 
1091,32841,106360,0,0,0,0,0,1555426836, 
1092,32700,106210,9000,0,0,0,0,1555426836, 
1093,32700,106499,27000,0,0,0,0,1555426836, 
1094,32700,100503,9000,0,2,0,0,1555426836, 
1095,32700,112229,27000,0,2,0,0,1555426836, 
1096,34430,106360,0,0,0,0,0,1555426836, 
1097,89483,106360,0,0,0,0,0,1555426836, 
1098,89764,106360,0,0,0,0,0,1555426836, 
1099,89623,106210,9000,0,0,0,0,1555426836, 
1100,89623,106499,27000,0,0,0,0,1555426836, 
1101,89623,100481,9000,0,2,0,0,1555426836, 
1102,89623,112231,27000,0,2,0,0,1555426836, 
1103,92403,106360,0,0,0,0,0,1555426836, 
1104,92684,106360,0,0,0,0,0,1555426836, 
1105,92543,106210,9000,0,0,0,0,1555426836, 
1106,92543,106499,27000,0,0,0,0,1555426836, 
1107,92543,100500,9000,0,2,0,0,1555426836, 
1108,92543,112231,27000,0,2,0,0,1555426836, 
1109,94706,106360,0,0,0,0,0,1555426836, 
1110,94987,106360,0,0,0,0,0,1555426836, 
1111,94846,106210,9000,0,0,0,0,1555426836, 
1112,94846,106499,27000,0,0,0,0,1555426836, 
1113,94846,100494,9000,0,2,0,0,1555426836, 
1114,94846,112236,27000,0,2,0,0,1555426836, 
1115,96993,106360,0,0,0,0,0,1555426836, 
1116,97274,106360,0,0,0,0,0,1555426836, 
1117,97133,106210,9000,0,0,0,0,1555426836, 
1118,97133,106499,27000,0,0,0,0,1555426836, 
1119,97133,100495,9000,0,2,0,0,1555426836, 
1120,97133,112224,27000,0,2,0,0,1555426836, 
1121,99683,106360,0,0,0,0,0,1555426836, 
1122,99964,106360,0,0,0,0,0,1555426836, 
1123,99823,106210,9000,0,0,0,0,1555426836, 
1124,99823,106499,27000,0,0,0,0,1555426836, 
1125,99823,100494,9000,0,2,0,0,1555426836, 
1126,99823,112231,27000,0,2,0,0,1555426836, 
1127,102183,106360,0,0,0,0,0,1555426836, 
1128,102464,106360,0,0,0,0,0,1555426836, 
1129,102323,106210,9000,0,0,0,0,1555426836, 
1130,102323,106499,27000,0,0,0,0,1555426836, 
1131,102323,100494,9000,0,2,0,0,1555426836, 
1132,102323,112231,27000,0,2,0,0,1555426836, 
1133,66954,106360,0,0,0,0,0,1555596977, 
1134,66799,99899,9000,0,2,0,0,1555508770, 
1135,66655,106360,0,0,0,0,0,1555596953, 
1136,66799,106296,9000,0,0,0,0,1555795988, 
1137,66799,106183,27000,0,0,0,0,1555795988, 
1138,66799,99253,27000,0,2,0,0,1555508770, 
1140,59386,106360,0,0,0,0,0,1555508837, 
1141,59231,99899,9000,0,2,0,0,1555508837, 
1142,59087,106360,0,0,0,0,0,1555508837, 
1143,59231,106296,9000,0,0,0,0,1555796091, 
1144,59231,106183,27000,0,0,0,0,1555796091, 
1145,59231,99253,27000,0,2,0,0,1555508837, 
1147,52152,106360,0,0,0,0,0,1555508906, 
1148,51997,99899,9000,0,2,0,0,1555508906, 
1149,51853,106360,0,0,0,0,0,1555508906, 
1150,51997,106296,9000,0,0,0,0,1555796848, 
1151,51997,106183,27000,0,0,0,0,1555796845, 
1152,51997,99253,27000,0,2,0,0,1555508906, 
1154,44818,106360,0,0,0,0,0,1555575388, 
1155,44655,99899,9000,0,2,0,0,1555508967, 
1156,44511,106360,0,0,0,0,0,1555508967, 
1157,44655,106296,9000,0,0,0,0,1555796924, 
1158,44655,106183,27000,0,0,0,0,1555796919, 
1159,44655,99253,27000,0,2,0,0,1555508967, 
